A * X = B
L * U = A
L * U * X = B
L * Z = B
U * X = Z
------------ matrix A ------------
2.0	3.0	5.0	5.0	2.0	2.0	2.0	3.0	5.0	5.0	
1.0	5.0	4.0	2.0	4.0	2.0	3.0	5.0	2.0	3.0	
1.0	5.0	5.0	1.0	3.0	3.0	4.0	2.0	5.0	1.0	
3.0	1.0	3.0	2.0	5.0	1.0	5.0	3.0	3.0	5.0	
2.0	4.0	4.0	3.0	2.0	4.0	4.0	4.0	1.0	2.0	
3.0	1.0	1.0	4.0	4.0	3.0	1.0	2.0	2.0	5.0	
2.0	4.0	3.0	2.0	2.0	4.0	2.0	3.0	2.0	2.0	
2.0	3.0	2.0	3.0	5.0	3.0	3.0	5.0	3.0	3.0	
2.0	2.0	4.0	2.0	5.0	4.0	2.0	1.0	5.0	3.0	
2.0	3.0	3.0	1.0	4.0	4.0	5.0	1.0	1.0	1.0	
row partitioning
------------ matrix A ------------
2.0	3.0	5.0	5.0	2.0	2.0	2.0	3.0	5.0	5.0	
1.0	5.0	4.0	2.0	4.0	2.0	3.0	5.0	2.0	3.0	
1.0	5.0	5.0	1.0	3.0	3.0	4.0	2.0	5.0	1.0	
3.0	1.0	3.0	2.0	5.0	1.0	5.0	3.0	3.0	5.0	
2.0	4.0	4.0	3.0	2.0	4.0	4.0	4.0	1.0	2.0	
3.0	1.0	1.0	4.0	4.0	3.0	1.0	2.0	2.0	5.0	
2.0	4.0	3.0	2.0	2.0	4.0	2.0	3.0	2.0	2.0	
2.0	3.0	2.0	3.0	5.0	3.0	3.0	5.0	3.0	3.0	
2.0	2.0	4.0	2.0	5.0	4.0	2.0	1.0	5.0	3.0	
2.0	3.0	3.0	1.0	4.0	4.0	5.0	1.0	1.0	1.0	
gaussian elimination
------------ matrix A ------------
2.0	3.0	5.0	5.0	2.0	2.0	2.0	3.0	5.0	5.0	
0.5	3.5	1.5	-0.5	3.0	1.0	2.0	3.5	-0.5	0.5	
0.5	1.0	1.0	-1.0	-1.0	1.0	1.0	-3.0	3.0	-2.0	
1.5	-1.0	-3.0	-9.0	2.0	2.0	7.0	-7.0	4.0	-8.0	
1.0	0.3	-1.4	0.4	-3.0	2.4	0.3	-1.7	-1.0	-3.1	
1.5	-1.0	-5.0	1.0	1.0	1.6	-2.3	-5.3	6.0	-0.9	
1.0	0.3	-2.4	0.6	1.5	-0.4	-3.6	-3.6	5.9	0.9	
1.0	0.0	-3.0	0.6	0.4	1.3	-0.8	1.2	2.4	-0.5	
1.0	-0.3	-0.6	0.4	-0.8	2.5	-1.2	6.3	-23.8	4.5	
1.0	0.0	-2.0	0.7	0.4	1.0	-0.7	0.2	0.1	-0.1	
------------ matrix L ------------
1.0	0.0	0.0	0.0	0.0	0.0	0.0	0.0	0.0	0.0	
0.5	1.0	0.0	0.0	0.0	0.0	0.0	0.0	0.0	0.0	
0.5	1.0	1.0	0.0	0.0	0.0	0.0	0.0	0.0	0.0	
1.5	-1.0	-3.0	1.0	0.0	0.0	0.0	0.0	0.0	0.0	
1.0	0.3	-1.4	0.4	1.0	0.0	0.0	0.0	0.0	0.0	
1.5	-1.0	-5.0	1.0	1.0	1.0	0.0	0.0	0.0	0.0	
1.0	0.3	-2.4	0.6	1.5	-0.4	1.0	0.0	0.0	0.0	
1.0	0.0	-3.0	0.6	0.4	1.3	-0.8	1.0	0.0	0.0	
1.0	-0.3	-0.6	0.4	-0.8	2.5	-1.2	6.3	1.0	0.0	
1.0	0.0	-2.0	0.7	0.4	1.0	-0.7	0.2	0.1	1.0	
------------ matrix U ------------
2.0	3.0	5.0	5.0	2.0	2.0	2.0	3.0	5.0	5.0	
0.0	3.5	1.5	-0.5	3.0	1.0	2.0	3.5	-0.5	0.5	
0.0	0.0	1.0	-1.0	-1.0	1.0	1.0	-3.0	3.0	-2.0	
0.0	0.0	0.0	-9.0	2.0	2.0	7.0	-7.0	4.0	-8.0	
0.0	0.0	0.0	0.0	-3.0	2.4	0.3	-1.7	-1.0	-3.1	
0.0	0.0	0.0	0.0	0.0	1.6	-2.3	-5.3	6.0	-0.9	
0.0	0.0	0.0	0.0	0.0	0.0	-3.6	-3.6	5.9	0.9	
0.0	0.0	0.0	0.0	0.0	0.0	0.0	1.2	2.4	-0.5	
0.0	0.0	0.0	0.0	0.0	0.0	0.0	0.0	-23.8	4.5	
0.0	0.0	0.0	0.0	0.0	0.0	0.0	0.0	0.0	-0.1	
------------ matrix Z ------------
4.0	3.0	0.0	2.0	-1.6	-1.4	-2.2	-3.5	18.8	-5.2	
------------ matrix X ------------
-62.0	-5.5	-20.2	-15.2	-17.5	32.2	21.6	1.3	7.1	41.9	
Is this LU decomposition correct?
incorrect in check[0] = 4.000000, B[0] = 4.000000
incorrect in check[1] = 5.000000, B[1] = 5.000000
incorrect in check[2] = 5.000000, B[2] = 5.000000
incorrect in check[4] = 4.000000, B[4] = 4.000000
incorrect in check[5] = 2.000000, B[5] = 2.000000
incorrect in check[6] = 2.000000, B[6] = 2.000000
incorrect in check[7] = 1.000000, B[7] = 1.000000
incorrect in check[9] = 1.000000, B[9] = 1.000000
------------ matrix B ------------
4.0	5.0	5.0	5.0	4.0	2.0	2.0	1.0	1.0	1.0	
------------ matrix check ------------
4.0	5.0	5.0	5.0	4.0	2.0	2.0	1.0	1.0	1.0	
operating time = 0.000356
