A * X = B
L * U = A
L * U * X = B
L * Z = B
U * X = Z
------------ matrix A ------------
2.0	2.0	3.0	3.0	4.0	1.0	4.0	3.0	4.0	4.0	3.0	1.0	4.0	3.0	5.0	2.0	3.0	3.0	1.0	3.0	
5.0	2.0	5.0	3.0	1.0	2.0	3.0	4.0	1.0	2.0	4.0	2.0	5.0	1.0	1.0	4.0	3.0	5.0	3.0	3.0	
5.0	5.0	3.0	3.0	2.0	5.0	1.0	2.0	2.0	1.0	4.0	3.0	2.0	1.0	2.0	2.0	4.0	4.0	1.0	4.0	
3.0	1.0	2.0	2.0	3.0	5.0	2.0	2.0	4.0	5.0	5.0	5.0	1.0	4.0	2.0	5.0	3.0	5.0	1.0	1.0	
5.0	1.0	5.0	2.0	1.0	1.0	5.0	1.0	2.0	5.0	4.0	4.0	2.0	3.0	2.0	4.0	2.0	4.0	1.0	2.0	
5.0	2.0	3.0	5.0	5.0	1.0	4.0	5.0	5.0	1.0	5.0	5.0	2.0	2.0	3.0	4.0	2.0	2.0	5.0	3.0	
4.0	5.0	3.0	5.0	4.0	5.0	4.0	2.0	5.0	1.0	3.0	4.0	2.0	2.0	3.0	3.0	3.0	4.0	2.0	2.0	
4.0	4.0	3.0	5.0	5.0	2.0	1.0	3.0	4.0	5.0	1.0	4.0	1.0	3.0	3.0	5.0	4.0	3.0	1.0	3.0	
5.0	1.0	1.0	3.0	2.0	1.0	1.0	1.0	4.0	4.0	5.0	4.0	2.0	4.0	4.0	3.0	1.0	1.0	1.0	1.0	
5.0	1.0	4.0	5.0	5.0	3.0	1.0	4.0	3.0	2.0	1.0	4.0	4.0	4.0	2.0	2.0	4.0	2.0	3.0	4.0	
5.0	2.0	2.0	4.0	2.0	2.0	1.0	2.0	2.0	3.0	4.0	3.0	3.0	4.0	5.0	5.0	2.0	5.0	5.0	1.0	
3.0	2.0	4.0	1.0	5.0	2.0	5.0	5.0	3.0	2.0	3.0	5.0	5.0	2.0	5.0	1.0	5.0	2.0	5.0	2.0	
5.0	3.0	4.0	4.0	2.0	5.0	3.0	5.0	5.0	4.0	2.0	4.0	1.0	2.0	2.0	2.0	4.0	1.0	2.0	3.0	
4.0	1.0	2.0	5.0	4.0	3.0	2.0	4.0	5.0	1.0	5.0	4.0	1.0	5.0	2.0	4.0	2.0	2.0	5.0	1.0	
2.0	1.0	1.0	2.0	2.0	2.0	1.0	5.0	4.0	4.0	3.0	2.0	4.0	1.0	3.0	5.0	4.0	5.0	3.0	5.0	
2.0	4.0	5.0	2.0	5.0	3.0	2.0	1.0	1.0	1.0	3.0	3.0	3.0	4.0	4.0	5.0	2.0	1.0	1.0	1.0	
4.0	5.0	4.0	3.0	1.0	2.0	4.0	1.0	3.0	1.0	2.0	4.0	4.0	1.0	3.0	5.0	3.0	4.0	1.0	4.0	
2.0	5.0	1.0	4.0	3.0	1.0	5.0	2.0	2.0	1.0	4.0	5.0	5.0	2.0	4.0	2.0	5.0	2.0	4.0	2.0	
4.0	5.0	3.0	4.0	5.0	5.0	4.0	3.0	3.0	4.0	3.0	1.0	3.0	3.0	5.0	3.0	5.0	4.0	1.0	3.0	
1.0	4.0	5.0	3.0	2.0	3.0	4.0	2.0	2.0	3.0	5.0	5.0	2.0	2.0	4.0	4.0	3.0	2.0	3.0	3.0	
row partitioning
------------ matrix A ------------
2.0	2.0	3.0	3.0	4.0	1.0	4.0	3.0	4.0	4.0	3.0	1.0	4.0	3.0	5.0	2.0	3.0	3.0	1.0	3.0	
5.0	2.0	5.0	3.0	1.0	2.0	3.0	4.0	1.0	2.0	4.0	2.0	5.0	1.0	1.0	4.0	3.0	5.0	3.0	3.0	
5.0	5.0	3.0	3.0	2.0	5.0	1.0	2.0	2.0	1.0	4.0	3.0	2.0	1.0	2.0	2.0	4.0	4.0	1.0	4.0	
3.0	1.0	2.0	2.0	3.0	5.0	2.0	2.0	4.0	5.0	5.0	5.0	1.0	4.0	2.0	5.0	3.0	5.0	1.0	1.0	
5.0	1.0	5.0	2.0	1.0	1.0	5.0	1.0	2.0	5.0	4.0	4.0	2.0	3.0	2.0	4.0	2.0	4.0	1.0	2.0	
5.0	2.0	3.0	5.0	5.0	1.0	4.0	5.0	5.0	1.0	5.0	5.0	2.0	2.0	3.0	4.0	2.0	2.0	5.0	3.0	
4.0	5.0	3.0	5.0	4.0	5.0	4.0	2.0	5.0	1.0	3.0	4.0	2.0	2.0	3.0	3.0	3.0	4.0	2.0	2.0	
4.0	4.0	3.0	5.0	5.0	2.0	1.0	3.0	4.0	5.0	1.0	4.0	1.0	3.0	3.0	5.0	4.0	3.0	1.0	3.0	
5.0	1.0	1.0	3.0	2.0	1.0	1.0	1.0	4.0	4.0	5.0	4.0	2.0	4.0	4.0	3.0	1.0	1.0	1.0	1.0	
5.0	1.0	4.0	5.0	5.0	3.0	1.0	4.0	3.0	2.0	1.0	4.0	4.0	4.0	2.0	2.0	4.0	2.0	3.0	4.0	
5.0	2.0	2.0	4.0	2.0	2.0	1.0	2.0	2.0	3.0	4.0	3.0	3.0	4.0	5.0	5.0	2.0	5.0	5.0	1.0	
3.0	2.0	4.0	1.0	5.0	2.0	5.0	5.0	3.0	2.0	3.0	5.0	5.0	2.0	5.0	1.0	5.0	2.0	5.0	2.0	
5.0	3.0	4.0	4.0	2.0	5.0	3.0	5.0	5.0	4.0	2.0	4.0	1.0	2.0	2.0	2.0	4.0	1.0	2.0	3.0	
4.0	1.0	2.0	5.0	4.0	3.0	2.0	4.0	5.0	1.0	5.0	4.0	1.0	5.0	2.0	4.0	2.0	2.0	5.0	1.0	
2.0	1.0	1.0	2.0	2.0	2.0	1.0	5.0	4.0	4.0	3.0	2.0	4.0	1.0	3.0	5.0	4.0	5.0	3.0	5.0	
2.0	4.0	5.0	2.0	5.0	3.0	2.0	1.0	1.0	1.0	3.0	3.0	3.0	4.0	4.0	5.0	2.0	1.0	1.0	1.0	
4.0	5.0	4.0	3.0	1.0	2.0	4.0	1.0	3.0	1.0	2.0	4.0	4.0	1.0	3.0	5.0	3.0	4.0	1.0	4.0	
2.0	5.0	1.0	4.0	3.0	1.0	5.0	2.0	2.0	1.0	4.0	5.0	5.0	2.0	4.0	2.0	5.0	2.0	4.0	2.0	
4.0	5.0	3.0	4.0	5.0	5.0	4.0	3.0	3.0	4.0	3.0	1.0	3.0	3.0	5.0	3.0	5.0	4.0	1.0	3.0	
1.0	4.0	5.0	3.0	2.0	3.0	4.0	2.0	2.0	3.0	5.0	5.0	2.0	2.0	4.0	4.0	3.0	2.0	3.0	3.0	
gaussian elimination
------------ matrix A ------------
2.0	2.0	3.0	3.0	4.0	1.0	4.0	3.0	4.0	4.0	3.0	1.0	4.0	3.0	5.0	2.0	3.0	3.0	1.0	3.0	
2.5	-3.0	-2.5	-4.5	-9.0	-0.5	-7.0	-3.5	-9.0	-8.0	-3.5	-0.5	-5.0	-6.5	-11.5	-1.0	-4.5	-2.5	0.5	-4.5	
2.5	-0.0	-4.5	-4.5	-8.0	2.5	-9.0	-5.5	-8.0	-9.0	-3.5	0.5	-8.0	-6.5	-10.5	-3.0	-3.5	-3.5	-1.5	-3.5	
1.5	0.7	0.2	1.3	4.5	3.4	2.3	0.9	5.5	6.0	3.5	3.7	-0.2	5.0	4.1	3.2	2.1	2.8	-0.6	0.1	
2.5	1.3	-0.2	-0.2	2.6	0.5	3.2	-2.6	3.9	5.5	1.4	3.2	-2.9	4.2	3.9	0.6	0.4	-0.1	-2.6	-0.1	
2.5	1.0	0.4	3.0	-2.2	-11.2	5.3	-5.0	-0.2	-2.7	-4.8	-1.3	-5.3	-1.8	3.1	-7.0	-5.0	-10.1	-1.4	0.9	
2.0	-0.3	0.9	1.0	-1.8	0.2	3.9	-5.2	2.2	2.2	-1.4	3.5	-4.9	2.1	0.4	0.2	-2.2	-1.2	-2.3	-3.0	
2.0	-0.0	0.7	1.5	-1.7	0.5	-0.5	-4.9	0.8	5.7	-3.7	3.8	-5.7	2.8	-1.1	3.0	-0.6	-0.3	-3.8	-3.0	
2.5	1.3	0.7	3.5	-2.3	1.2	-0.1	0.3	1.6	4.4	2.3	-3.2	6.0	3.3	5.5	-1.0	1.3	1.3	-2.4	0.8	
2.5	1.3	0.0	2.8	-1.9	0.7	-0.8	1.4	-1.0	-3.0	0.9	-7.0	9.7	1.9	6.8	-9.7	1.3	-2.6	-1.5	4.1	
2.5	1.0	0.7	3.0	-2.7	0.9	0.2	0.5	-0.2	-1.4	3.8	-13.4	19.1	6.7	17.0	-13.4	3.4	0.1	-1.2	6.6	
1.5	0.3	-0.1	-1.7	3.5	-0.5	-1.1	-0.8	-1.0	0.1	-1.0	-10.8	22.0	7.1	17.4	-12.4	3.7	-1.1	1.3	1.1	
2.5	0.7	0.4	1.0	-1.2	0.1	0.6	-0.4	1.5	0.7	-2.0	1.5	-14.7	-2.1	-3.9	-2.2	-0.8	-3.2	-2.4	8.1	
2.0	1.0	0.3	3.7	-3.5	0.9	0.4	0.4	0.3	0.6	0.2	-0.5	-0.0	2.9	1.9	-0.4	0.7	-0.8	2.7	-1.8	
1.0	0.3	0.3	1.2	-1.0	0.3	0.1	-0.6	1.5	-0.1	-1.3	1.1	0.5	-0.4	-0.0	1.7	1.6	3.3	1.2	4.6	
1.0	-0.7	-0.1	-3.2	3.4	-1.0	-1.4	1.1	-1.8	2.0	1.0	-2.2	-1.3	1.7	-162.8	281.6	255.5	532.6	189.5	740.1	
2.0	-0.3	0.6	-1.2	0.2	-0.2	0.7	-0.3	1.0	1.0	-0.9	-0.2	-0.4	0.9	-91.4	0.6	2.6	3.7	-0.9	6.9	
1.0	-1.0	1.0	0.7	-2.0	0.4	1.5	-1.0	-1.1	-4.3	2.1	-0.1	-0.7	0.1	96.6	-0.6	4.0	-8.8	2.9	5.2	
2.0	-0.3	0.9	0.2	-0.1	0.0	0.3	-0.3	-1.6	-2.8	1.0	1.3	0.7	-1.3	200.9	-1.2	-3.6	0.4	-9.3	3.6	
0.5	-1.0	-0.2	-3.0	1.0	-1.1	0.6	0.2	-0.1	0.7	1.2	-2.6	-1.5	2.0	-315.8	1.9	7.8	0.5	-1.4	-3.8	
------------ matrix L ------------
1.0	0.0	0.0	0.0	0.0	0.0	0.0	0.0	0.0	0.0	0.0	0.0	0.0	0.0	0.0	0.0	0.0	0.0	0.0	0.0	
2.5	1.0	0.0	0.0	0.0	0.0	0.0	0.0	0.0	0.0	0.0	0.0	0.0	0.0	0.0	0.0	0.0	0.0	0.0	0.0	
2.5	-0.0	1.0	0.0	0.0	0.0	0.0	0.0	0.0	0.0	0.0	0.0	0.0	0.0	0.0	0.0	0.0	0.0	0.0	0.0	
1.5	0.7	0.2	1.0	0.0	0.0	0.0	0.0	0.0	0.0	0.0	0.0	0.0	0.0	0.0	0.0	0.0	0.0	0.0	0.0	
2.5	1.3	-0.2	-0.2	1.0	0.0	0.0	0.0	0.0	0.0	0.0	0.0	0.0	0.0	0.0	0.0	0.0	0.0	0.0	0.0	
2.5	1.0	0.4	3.0	-2.2	1.0	0.0	0.0	0.0	0.0	0.0	0.0	0.0	0.0	0.0	0.0	0.0	0.0	0.0	0.0	
2.0	-0.3	0.9	1.0	-1.8	0.2	1.0	0.0	0.0	0.0	0.0	0.0	0.0	0.0	0.0	0.0	0.0	0.0	0.0	0.0	
2.0	-0.0	0.7	1.5	-1.7	0.5	-0.5	1.0	0.0	0.0	0.0	0.0	0.0	0.0	0.0	0.0	0.0	0.0	0.0	0.0	
2.5	1.3	0.7	3.5	-2.3	1.2	-0.1	0.3	1.0	0.0	0.0	0.0	0.0	0.0	0.0	0.0	0.0	0.0	0.0	0.0	
2.5	1.3	0.0	2.8	-1.9	0.7	-0.8	1.4	-1.0	1.0	0.0	0.0	0.0	0.0	0.0	0.0	0.0	0.0	0.0	0.0	
2.5	1.0	0.7	3.0	-2.7	0.9	0.2	0.5	-0.2	-1.4	1.0	0.0	0.0	0.0	0.0	0.0	0.0	0.0	0.0	0.0	
1.5	0.3	-0.1	-1.7	3.5	-0.5	-1.1	-0.8	-1.0	0.1	-1.0	1.0	0.0	0.0	0.0	0.0	0.0	0.0	0.0	0.0	
2.5	0.7	0.4	1.0	-1.2	0.1	0.6	-0.4	1.5	0.7	-2.0	1.5	1.0	0.0	0.0	0.0	0.0	0.0	0.0	0.0	
2.0	1.0	0.3	3.7	-3.5	0.9	0.4	0.4	0.3	0.6	0.2	-0.5	-0.0	1.0	0.0	0.0	0.0	0.0	0.0	0.0	
1.0	0.3	0.3	1.2	-1.0	0.3	0.1	-0.6	1.5	-0.1	-1.3	1.1	0.5	-0.4	1.0	0.0	0.0	0.0	0.0	0.0	
1.0	-0.7	-0.1	-3.2	3.4	-1.0	-1.4	1.1	-1.8	2.0	1.0	-2.2	-1.3	1.7	-162.8	1.0	0.0	0.0	0.0	0.0	
2.0	-0.3	0.6	-1.2	0.2	-0.2	0.7	-0.3	1.0	1.0	-0.9	-0.2	-0.4	0.9	-91.4	0.6	1.0	0.0	0.0	0.0	
1.0	-1.0	1.0	0.7	-2.0	0.4	1.5	-1.0	-1.1	-4.3	2.1	-0.1	-0.7	0.1	96.6	-0.6	4.0	1.0	0.0	0.0	
2.0	-0.3	0.9	0.2	-0.1	0.0	0.3	-0.3	-1.6	-2.8	1.0	1.3	0.7	-1.3	200.9	-1.2	-3.6	0.4	1.0	0.0	
0.5	-1.0	-0.2	-3.0	1.0	-1.1	0.6	0.2	-0.1	0.7	1.2	-2.6	-1.5	2.0	-315.8	1.9	7.8	0.5	-1.4	1.0	
------------ matrix U ------------
2.0	2.0	3.0	3.0	4.0	1.0	4.0	3.0	4.0	4.0	3.0	1.0	4.0	3.0	5.0	2.0	3.0	3.0	1.0	3.0	
0.0	-3.0	-2.5	-4.5	-9.0	-0.5	-7.0	-3.5	-9.0	-8.0	-3.5	-0.5	-5.0	-6.5	-11.5	-1.0	-4.5	-2.5	0.5	-4.5	
0.0	0.0	-4.5	-4.5	-8.0	2.5	-9.0	-5.5	-8.0	-9.0	-3.5	0.5	-8.0	-6.5	-10.5	-3.0	-3.5	-3.5	-1.5	-3.5	
0.0	0.0	0.0	1.3	4.5	3.4	2.3	0.9	5.5	6.0	3.5	3.7	-0.2	5.0	4.1	3.2	2.1	2.8	-0.6	0.1	
0.0	0.0	0.0	0.0	2.6	0.5	3.2	-2.6	3.9	5.5	1.4	3.2	-2.9	4.2	3.9	0.6	0.4	-0.1	-2.6	-0.1	
0.0	0.0	0.0	0.0	0.0	-11.2	5.3	-5.0	-0.2	-2.7	-4.8	-1.3	-5.3	-1.8	3.1	-7.0	-5.0	-10.1	-1.4	0.9	
0.0	0.0	0.0	0.0	0.0	0.0	3.9	-5.2	2.2	2.2	-1.4	3.5	-4.9	2.1	0.4	0.2	-2.2	-1.2	-2.3	-3.0	
0.0	0.0	0.0	0.0	0.0	0.0	0.0	-4.9	0.8	5.7	-3.7	3.8	-5.7	2.8	-1.1	3.0	-0.6	-0.3	-3.8	-3.0	
0.0	0.0	0.0	0.0	0.0	0.0	0.0	0.0	1.6	4.4	2.3	-3.2	6.0	3.3	5.5	-1.0	1.3	1.3	-2.4	0.8	
0.0	0.0	0.0	0.0	0.0	0.0	0.0	0.0	0.0	-3.0	0.9	-7.0	9.7	1.9	6.8	-9.7	1.3	-2.6	-1.5	4.1	
0.0	0.0	0.0	0.0	0.0	0.0	0.0	0.0	0.0	0.0	3.8	-13.4	19.1	6.7	17.0	-13.4	3.4	0.1	-1.2	6.6	
0.0	0.0	0.0	0.0	0.0	0.0	0.0	0.0	0.0	0.0	0.0	-10.8	22.0	7.1	17.4	-12.4	3.7	-1.1	1.3	1.1	
0.0	0.0	0.0	0.0	0.0	0.0	0.0	0.0	0.0	0.0	0.0	0.0	-14.7	-2.1	-3.9	-2.2	-0.8	-3.2	-2.4	8.1	
0.0	0.0	0.0	0.0	0.0	0.0	0.0	0.0	0.0	0.0	0.0	0.0	0.0	2.9	1.9	-0.4	0.7	-0.8	2.7	-1.8	
0.0	0.0	0.0	0.0	0.0	0.0	0.0	0.0	0.0	0.0	0.0	0.0	0.0	0.0	-0.0	1.7	1.6	3.3	1.2	4.6	
0.0	0.0	0.0	0.0	0.0	0.0	0.0	0.0	0.0	0.0	0.0	0.0	0.0	0.0	0.0	281.6	255.5	532.6	189.5	740.1	
0.0	0.0	0.0	0.0	0.0	0.0	0.0	0.0	0.0	0.0	0.0	0.0	0.0	0.0	0.0	0.0	2.6	3.7	-0.9	6.9	
0.0	0.0	0.0	0.0	0.0	0.0	0.0	0.0	0.0	0.0	0.0	0.0	0.0	0.0	0.0	0.0	0.0	-8.8	2.9	5.2	
0.0	0.0	0.0	0.0	0.0	0.0	0.0	0.0	0.0	0.0	0.0	0.0	0.0	0.0	0.0	0.0	0.0	0.0	-9.3	3.6	
0.0	0.0	0.0	0.0	0.0	0.0	0.0	0.0	0.0	0.0	0.0	0.0	0.0	0.0	0.0	0.0	0.0	0.0	0.0	-3.8	
------------ matrix Z ------------
2.0	0.0	-2.0	-1.6	-1.8	-1.2	1.4	3.1	1.6	0.3	-0.4	8.0	-17.3	0.8	2.7	437.6	-10.7	50.4	-60.1	-11.8	
------------ matrix X ------------
0.5	7.3	-1.2	-4.9	3.7	1.2	-0.5	-3.8	2.1	7.1	-0.8	-1.8	4.5	1.4	-7.6	-2.1	-7.7	-1.4	7.6	3.1	
Is this LU decomposition correct?
incorrect in check[0] = 2.000000, B[0] = 2.000000
incorrect in check[1] = 5.000000, B[1] = 5.000000
incorrect in check[2] = 3.000000, B[2] = 3.000000
incorrect in check[3] = 1.000000, B[3] = 1.000000
incorrect in check[4] = 4.000000, B[4] = 4.000000
incorrect in check[5] = 2.000000, B[5] = 2.000000
incorrect in check[6] = 5.000000, B[6] = 5.000000
incorrect in check[7] = 5.000000, B[7] = 5.000000
incorrect in check[8] = 3.000000, B[8] = 3.000000
incorrect in check[9] = 5.000000, B[9] = 5.000000
incorrect in check[10] = 3.000000, B[10] = 3.000000
incorrect in check[11] = 3.000000, B[11] = 3.000000
incorrect in check[12] = 3.000000, B[12] = 3.000000
incorrect in check[13] = 2.000000, B[13] = 2.000000
incorrect in check[14] = 5.000000, B[14] = 5.000000
incorrect in check[15] = 5.000000, B[15] = 5.000000
incorrect in check[16] = 1.000000, B[16] = 1.000000
incorrect in check[17] = 4.000000, B[17] = 4.000000
incorrect in check[18] = 3.000000, B[18] = 3.000000
incorrect in check[19] = 2.000000, B[19] = 2.000000
------------ matrix B ------------
2.0	5.0	3.0	1.0	4.0	2.0	5.0	5.0	3.0	5.0	3.0	3.0	3.0	2.0	5.0	5.0	1.0	4.0	3.0	2.0	
------------ matrix check ------------
2.0	5.0	3.0	1.0	4.0	2.0	5.0	5.0	3.0	5.0	3.0	3.0	3.0	2.0	5.0	5.0	1.0	4.0	3.0	2.0	
operating time = 0.001071
